image: tkch20161104_1142.pgm
resolution: 0.100000
origin: [-204.849991, -204.849991, 0.000000]
negate: 0
occupied_thresh: 0.65
free_thresh: 0.196

